eye 0 0 2
imsize 512 512
viewdir 0 0 -1
updir 0 1 0
vfov 45
bkgcolor 0.7 0.7 0.7 1
light -2 1 0 1 1
# mtlcolor 1 0 0 1 1 1 0.02 0.06 0.2 20 0.2 1
mtlcolor 1 0 0 1 1 1 0.02 0.02 0.2 100 0.2 1

v -1 -1 -4
v 1 -1 -4
v 1 1 -4
v -1 1 -4
v -1 -1 -2
v 1 -1 -2
v 1 1 -2
v -1 1 -2


v -1 -1 -6
v 1 -1 -6
v 1 1 -6
v -1 1 -6

f 3 2 1
f 4 3 1
f 7 6 2
f 3 7 2
f 6 7 5
f 7 8 5
f 4 1 5
f 8 4 5
f 2 6 5
f 1 2 5
f 7 3 4
f 8 7 4

mtlcolor 0 1 1 1 1 1 0.2 0.6 0.2 10 1 1
# f 11 10 9
# f 12 11 9

# mtlcolor 0.2 0.2 1 1 1 1 0.2 0.6 0.0 100 1.0 1.0
# sphere 1.1 0 -6 1
sphere 0 0 -7 2
